name: smoking
channels:
  - conda-forge
  - defaults
dependencies:
  - asttokens=2.4.1=pyhd8ed1ab_0
  - bzip2=1.0.8=hcfcfb64_5
  - ca-certificates=2023.11.17=h56e8100_0
  - colorama=0.4.6=pyhd8ed1ab_0
  - comm=0.1.4=pyhd8ed1ab_0
  - debugpy=1.8.0=py312h53d5487_1
  - decorator=5.1.1=pyhd8ed1ab_0
  - exceptiongroup=1.2.0=pyhd8ed1ab_0
  - executing=2.0.1=pyhd8ed1ab_0
  - importlib-metadata=6.8.0=pyha770c72_0
  - importlib_metadata=6.8.0=hd8ed1ab_0
  - ipykernel=6.26.0=pyha63f2e9_0
  - ipython=8.18.1=pyh5737063_1
  - jedi=0.19.1=pyhd8ed1ab_0
  - jupyter_client=8.6.0=pyhd8ed1ab_0
  - jupyter_core=5.5.0=py312h2e8e312_0
  - libexpat=2.5.0=h63175ca_1
  - libffi=3.4.2=h8ffe710_5
  - libsodium=1.0.18=h8d14728_1
  - libsqlite=3.44.2=hcfcfb64_0
  - libzlib=1.2.13=hcfcfb64_5
  - matplotlib-inline=0.1.6=pyhd8ed1ab_0
  - nest-asyncio=1.5.8=pyhd8ed1ab_0
  - openssl=3.2.0=hcfcfb64_1
  - packaging=23.2=pyhd8ed1ab_0
  - parso=0.8.3=pyhd8ed1ab_0
  - pickleshare=0.7.5=py_1003
  - pip=23.3.1=pyhd8ed1ab_0
  - platformdirs=4.0.0=pyhd8ed1ab_0
  - prompt-toolkit=3.0.41=pyha770c72_0
  - psutil=5.9.5=py312he70551f_1
  - pure_eval=0.2.2=pyhd8ed1ab_0
  - pygments=2.17.2=pyhd8ed1ab_0
  - python=3.12.0=h2628c8c_0_cpython
  - python-dateutil=2.8.2=pyhd8ed1ab_0
  - python_abi=3.12=4_cp312
  - pywin32=306=py312h53d5487_2
  - pyzmq=25.1.1=py312h1ac6f91_2
  - setuptools=68.2.2=pyhd8ed1ab_0
  - six=1.16.0=pyh6c4a22f_0
  - stack_data=0.6.2=pyhd8ed1ab_0
  - tk=8.6.13=h5226925_1
  - tornado=6.3.3=py312he70551f_1
  - traitlets=5.14.0=pyhd8ed1ab_0
  - typing_extensions=4.8.0=pyha770c72_0
  - ucrt=10.0.22621.0=h57928b3_0
  - vc=14.3=h64f974e_17
  - vc14_runtime=14.36.32532=hdcecf7f_17
  - vs2015_runtime=14.36.32532=h05e6639_17
  - wcwidth=0.2.12=pyhd8ed1ab_0
  - wheel=0.42.0=pyhd8ed1ab_0
  - xz=5.2.6=h8d14728_0
  - zeromq=4.3.5=h63175ca_0
  - zipp=3.17.0=pyhd8ed1ab_0
  - pip:
      - attrs==23.1.0
      - automat==22.10.0
      - certifi==2023.11.17
      - cffi==1.16.0
      - charset-normalizer==3.3.2
      - click==8.1.7
      - cloudpickle==3.0.0
      - configparser==6.0.0
      - constantly==23.10.4
      - contourpy==1.2.0
      - coverage==6.5.0
      - coveralls==3.3.1
      - cryptography==41.0.7
      - cycler==0.12.1
      - docopt==0.6.2
      - fonttools==4.45.1
      - future==0.18.3
      - genson==1.2.2
      - hyperlink==21.0.0
      - hypothesis==6.91.0
      - idna==3.6
      - incremental==22.10.0
      - iniconfig==2.0.0
      - joblib==1.3.2
      - jsonschema==4.20.0
      - jsonschema-specifications==2023.11.2
      - kiwisolver==1.4.5
      - lightgbm==4.1.0
      - matplotlib==3.8.2
      - mock==5.1.0
      - nltk==3.8.1
      - numpy==1.26.2
      - pandas==2.1.3
      - pillow==10.1.0
      - pluggy==1.3.0
      - pyarrow==14.0.1
      - pycparser==2.21
      - pyopenssl==23.3.0
      - pyparsing==3.1.1
      - pytest==7.4.3
      - pytest-cov==4.1.0
      - pytz==2023.3.post1
      - referencing==0.31.1
      - regex==2023.10.3
      - requests==2.31.0
      - rpds-py==0.13.2
      - scikit-learn==1.3.2
      - scipy==1.11.4
      - simplejson==3.19.2
      - sortedcontainers==2.4.0
      - tabpy==2.9.0
      - textblob==0.17.1
      - threadpoolctl==3.2.0
      - tqdm==4.66.1
      - twisted==23.10.0
      - twisted-iocpsupport==1.0.4
      - tzdata==2023.3
      - urllib3==2.1.0
      - xgboost==2.0.2
      - zope-interface==6.1
prefix: C:\Users\ranji\miniconda3\envs\smoking
